# Created by Octave 4.0.3, Sun Sep 04 15:27:58 2016 JST <shota@shota.local>
# name: A
# type: matrix
# rows: 4
# columns: 2
 1 2
 3 4
 5 6
 7 8


